0.02,0.3852390332684572,0.34250884983903307,0.7141406470962713,0.8890813761344707
0.03,0.32713248440437104,0.2631902721186131,0.6121400843223729,0.8045372583460149
0.05,0.30139339907241225,0.2355157012998955,0.5805019001917746,0.7814228912269937
0.07,0.3074460419635071,0.24068020042477015,0.5797680820180915,0.7828372057993127
0.08,0.29825593514828846,0.22564799384106363,0.5708737805106754,0.7565582684176084
0.1,0.3050540551375984,0.24007698087927612,0.5831196123678986,0.7869981625747817
0.12,0.31811284115229715,0.24011242534630564,0.5882594366006058,0.7548026809497808
0.13,0.32962722142507406,0.236511656387918,0.6122409375018194,0.7175125141831719
0.15,0.31183441292592795,0.22947796095701875,0.5832268917753591,0.7358968460338857
0.17,0.31849678816015925,0.2511305783399989,0.5754376578350515,0.7884870041882979
0.18,0.32223577909700063,0.2364029814545944,0.5909925087001724,0.7336335589954196
0.2,0.3105095633113323,0.23469538451331123,0.5671401786885247,0.7558394724158431
0.22,0.31326437551239467,0.22697232026910502,0.5715893528220829,0.7245392007880085
0.23,0.3083994608885396,0.2324306655292557,0.5594703013616574,0.7536675481195468
0.25,0.3189232336925196,0.22380272210466348,0.5699565588937399,0.7017448039562907
0.27,0.3205092748742494,0.22578956714456183,0.5675377099917986,0.7044712426283124
0.28,0.33493558491926934,0.22489570139051704,0.5940002712866952,0.6714595627237531
0.3,0.32099720301749257,0.2261196991166826,0.5831109228996574,0.7044288766103682
0.32,0.3314469560644451,0.22354079776755403,0.590782311424894,0.6744391332533154
0.33,0.3257367218344345,0.22630740860213497,0.5866175064283614,0.6947555907349081
0.35,0.33117463071641046,0.2241743530215255,0.5907161170883056,0.6769067803792289
0.37,0.3309703500574426,0.22272988420253545,0.5924284735523779,0.6729602339420401
0.38,0.3263330173149692,0.22630298359304493,0.5928832692823145,0.6934725313884572
0.4,0.32148272809163353,0.22808391745078915,0.5844866728545917,0.7094748722730058
0.42,0.32850628198835613,0.22000777676434813,0.5945248057535559,0.6697216730002937
0.43,0.3307064900768782,0.219974547264062,0.5924028290130356,0.6651654983031184
0.45,0.33232488786741365,0.21817187533606544,0.5930433306704916,0.6565017646921124
0.47,0.33611600056735386,0.21460981536529686,0.5934082855201877,0.6384992532430526
0.48,0.3312630043909336,0.22492377133410504,0.5867422809162328,0.6789885026480821
0.5,0.3305597412101216,0.22368712855752357,0.5863841863401278,0.6766919883789961
0.52,0.32234410509835315,0.23112752654902846,0.5706819657024848,0.7170211053759062
0.53,0.3335782268875238,0.23243061981583488,0.5895404073157149,0.6967799486931323
0.55,0.3165256495558409,0.22810438430294072,0.5618510914478246,0.7206505527214753
0.57,0.3301719958508045,0.221055513950776,0.5872511025559024,0.6695162422274747
0.58,0.31828099532575166,0.21733252405670278,0.5705710752325424,0.682832237074881
0.6,0.31532156833511704,0.22244865754350013,0.5737064835004981,0.7054660381083936
0.62,0.31287934400405804,0.22111310196883424,0.5700555849620601,0.7067040576701235
0.63,0.3150642244810855,0.22383621526935404,0.5790320594762712,0.7104463086471177
0.65,0.31445600015813546,0.21595090083682866,0.5790570878581525,0.6867444117085698
0.67,0.3235184782426472,0.22218036202430047,0.5864174316687587,0.6867625096136224
0.68,0.32406967247589025,0.2162461837224288,0.5898207271009082,0.667283001430863
0.7,0.32210446544868565,0.21382278699453083,0.5826907476859988,0.6638305578802814
0.72,0.3254906659231203,0.20805841292988178,0.5893016048600803,0.6392146832838039
0.73,0.3297851623785122,0.21687427692746006,0.5985923394777132,0.6576229062681169
0.75,0.33051887859853857,0.21881717726430952,0.5968869476364556,0.6620413883531706
0.77,0.3213486478681011,0.2161862358792007,0.5894504271983025,0.6727466796995369
0.78,0.32488101224267335,0.2182145063347673,0.5932837833370797,0.6716751614026911
0.8,0.3189180924832988,0.21576437201782764,0.587095518441471,0.6765510552811514
0.82,0.3329438312942554,0.2172941749422584,0.6024306954367844,0.6526451446707058
0.83,0.3327139665566955,0.21923775499661724,0.6011331705750311,0.6589376372309831
0.85,0.3359404339063792,0.21836012224745527,0.606445579955398,0.6499965476269775
0.87,0.33162044100165483,0.21647764725766433,0.597690592185574,0.6527874053957491
0.88,0.3313490376368976,0.2134674912100925,0.6034714612164584,0.6442375470062982
0.9,0.32511917168990245,0.22041405198636269,0.5931560315915831,0.6779484914429865
0.92,0.326417434292929,0.21785253891259046,0.5974222599803001,0.6674047278892837
0.93,0.32640863168804557,0.21778647451316685,0.5998674398460953,0.667220328662476
0.95,0.32921448938688563,0.21158958833423006,0.600586339077487,0.6427104369807205
0.97,0.33131034746771315,0.22012382368363365,0.601230615469241,0.6644037089879457
0.98,0.3327402111831945,0.22374397778454683,0.606184114923288,0.6724284299421858
1.0,0.33183688997010297,0.2163516569357971,0.6005472144400514,0.6519819329167695
1.02,0.3341014500291113,0.21692619039943067,0.6025697318690934,0.6492823972494858
1.03,0.3224347173754818,0.21684819745019418,0.5917236919889913,0.6725336502696453
1.05,0.3206617284852811,0.21603273014903476,0.5876581409519179,0.6737091176097463
1.07,0.18927995969198147,0.22069908645519,0.47593491865058446,1.1659928859575912
1.08,0.1920740988772926,0.223756172314748,0.4802171786769349,1.1649471408307668
1.1,0.06547868619034564,0.2174421870240346,0.40823732828668524,3.3208086428602606
1.12,0.06801274636122862,0.2168462430441044,0.41052444036996527,3.188317699926317
1.13,0.05336339848570773,0.22533057221318983,0.40148256974802105,4.22256787624836
1.15,0.05612736011974344,0.22970439327636516,0.4070584360204934,4.092556514083477
1.17,0.055254973998562364,0.224803149862203,0.4032314725427655,4.06846901906156
1.18,0.07144350867913635,0.22591254507432149,0.41616584982511795,3.162114364916329
1.2,0.07626796431121763,0.22389958255745662,0.4214008432929701,2.9356963251807295
1.22,0.16543725539492937,0.22120831211528044,0.46764287215445327,1.3371130437773235
1.23,0.1695002033933938,0.21850275017179246,0.4683947750532377,1.2891002240550027
1.25,0.25160710511795875,0.21745581479772244,0.5215371326625838,0.8642673850397609
1.27,0.24660354215442865,0.2176002918811079,0.5133583462508542,0.8823891578363532
1.28,0.29177094120691477,0.2210095461500686,0.548914728396658,0.7574762080002189
1.3,0.29165461154975725,0.21945311266070092,0.5617436635188273,0.7524417717744932
1.32,0.31110943354985715,0.21775311928532937,0.57881793424501,0.6999245146657795
1.33,0.3148234653995306,0.2114122596330185,0.5829385094515667,0.6715263722947816
1.35,0.3306564085895849,0.2180520245971735,0.5958818629388607,0.6594519837896823
1.37,0.33699822061132345,0.21635370404932036,0.6090952498329103,0.642002511635964
1.38,0.340903903301312,0.2126995791605141,0.6085047315725027,0.6239282598431178
1.4,0.3381085438101129,0.21021391374123005,0.6084671765135445,0.621734994840265
1.42,0.33510029887696424,0.21755841925317013,0.6089902038940681,0.6492337368312796
1.43,0.34054937984621814,0.21034708910488525,0.6096861926209365,0.61766986391187
1.45,0.34228116200692793,0.20862450340176103,0.6124764779358265,0.6095120811747693
1.47,0.34121656197583206,0.212147775155178,0.6104648768865051,0.6217393842981284
1.48,0.3411003862925226,0.2096666975337422,0.6106625504965012,0.6146773969172089
1.5,0.346421792743009,0.21702453784742864,0.6146675601401851,0.6264748419232016
1.52,0.350858888100694,0.217987798980971,0.6180375139602212,0.6212976395182843
1.53,0.3730282051862549,0.22888122486604365,0.6402148769086102,0.6135761899070395
1.55,0.35899671243962344,0.23175063351835817,0.6280796035361749,0.6455508518266286
1.57,0.356772051207296,0.2304911472306465,0.6227528912043634,0.6460459737546083
1.58,0.3807810354641146,0.28146615321658147,0.6415545902260187,0.7391811224881951
1.6,0.37285580364077187,0.2773021809244061,0.6331849387287226,0.7437249956060039
1.62,0.3730276594440718,0.3415504815548497,0.6263353690246429,0.9156170404732642
1.63,0.38445922022127377,0.33221509475244776,0.6457173659886093,0.8641100987544085
1.65,0.39724190045755126,0.33962393384919204,0.6574927902583945,0.8549549618456822
1.67,0.40178995689858116,0.3331344350691731,0.6600375969135787,0.8291258388851718
1.68,0.40428970627154426,0.3500905894629976,0.6636268830667826,0.8659399040643805
1.7,0.3886959568325124,0.35067387363330255,0.6424947968615189,0.9021803995363054
1.72,0.3845360073407467,0.3508698335056475,0.6349896171525066,0.9124498793548174
1.73,0.3811424794736073,0.34698569337074103,0.6287684589041513,0.910383156057441
1.75,0.39579231487538274,0.36077067643761407,0.6515335073294404,0.9115151125438213
1.77,0.38446492081658723,0.33670687608391986,0.6397349994971029,0.8757804882920623
1.78,0.3721388847023427,0.33063208042480446,0.6289095209520825,0.8884642105843423
1.8,0.389851841278866,0.3269256632275939,0.6507549412956108,0.8385895066062797
1.82,0.3939973776386413,0.3322362235673381,0.6538897400755103,0.8432447585274335
1.83,0.3949274743074762,0.3179572037766022,0.6584710462348771,0.8051027706648037
1.85,0.3900350369863986,0.3193963928951105,0.651622382375938,0.8188915420597166
1.87,0.39259004122835406,0.3234928723076222,0.6558929217555605,0.8239966334741008
1.88,0.3899294551908735,0.3206558515820499,0.6520090283095501,0.8223432400742497
1.9,0.39387586202146263,0.3203524887688043,0.6528800546809304,0.813333640514757
1.92,0.38501153904640784,0.3140529604086399,0.6418194130556599,0.8156975273688749
1.93,0.3784092307989171,0.3160069822634844,0.6351960792322626,0.8350932179860258
1.95,0.37524653869014835,0.3184069112274264,0.6312520926564085,0.8485272438191468
1.97,0.3764560116396627,0.320491675077451,0.6291256075480591,0.8513389749881859
1.98,0.37210681958162795,0.32123232573856697,0.6313359636480664,0.8632798670546784
2.0,0.38330762637827964,0.32191563478523805,0.6372687210542256,0.8398362376112629
2.02,0.3797796839792874,0.310847079987125,0.6328598401891896,0.8184931767020959
2.03,0.38189987061100383,0.31126140220999027,0.6315384322216644,0.8150340603991337
2.05,0.3792926410391778,0.31570285812914045,0.6296900299381544,0.8323463836898721
2.07,0.3933515380995095,0.3177911409804402,0.6445941921917266,0.8079061861963429
2.08,0.3852153096747881,0.31478394318602043,0.6421109064150785,0.8171636362318303
2.1,0.3946023997740866,0.3152745978750337,0.6508133339686206,0.7989677661756016
2.12,0.38255251534633566,0.30904174350045505,0.6320496129356544,0.8078413579915186
2.13,0.387313087101517,0.30971406083670855,0.6374804609874185,0.7996478072932524
2.15,0.38706352195567884,0.3242353900825442,0.639832292351039,0.8376800491152229
2.17,0.3790065271610036,0.3127419135444722,0.633239135733441,0.8251623418918539
2.18,0.3848032982654618,0.3150127003990362,0.6359734508494028,0.8186330569903807
2.2,0.3892337543619815,0.3090768942028235,0.641698563728371,0.7940649821325277
2.22,0.3871288014556867,0.30977262206992257,0.637730229937296,0.8001797358013963
2.23,0.3797740756812693,0.30803536210431814,0.6329770986055402,0.8111016044255773
2.25,0.3881598063151196,0.3135435853666215,0.6401014098285239,0.8077693266161555
2.27,0.39038324635017996,0.31125861767584767,0.6457350596613141,0.7973155113235668
2.28,0.3889638164011474,0.3080848589700338,0.6463299528723679,0.792065600910031
2.3,0.38332816488296995,0.3198811832617949,0.6349772116866883,0.834483903261986
2.32,0.38615048769712135,0.3151760848905899,0.637766818223839,0.8162001471762985
2.33,0.3906679762545371,0.318547256562748,0.6451365306531979,0.8153912680961612
2.35,0.39454032207380807,0.31910216871902086,0.648021641702407,0.8087948198595662
2.37,0.3962545076495563,0.3190279389707887,0.6495479898235732,0.8051086683231726
2.38,0.38807028569716384,0.31412592634243897,0.6410477451172286,0.8094562709899711
2.4,0.38559744536911333,0.31127804142856863,0.6365014432560602,0.8072616796789138
2.42,0.3824888744130739,0.32481104968954666,0.6363589523446422,0.8492039152458136
2.43,0.38188165689018705,0.32494586303907647,0.6359652187502334,0.8509072304892537
2.45,0.3868275719971396,0.32659284689574497,0.6428377193404252,0.844285336770565
2.47,0.38148045185280266,0.3273671807791422,0.6343287949847316,0.8581492949092434
2.48,0.37945988687773113,0.3144969965892282,0.6345173144388261,0.82880169278753
2.5,0.3825136381667108,0.3152007677247511,0.639335899944953,0.8240249138185688
2.52,0.37987557847504905,0.31945846730596816,0.6329343919693372,0.8409555270396273
2.53,0.3783620483916526,0.31970542859018575,0.6309201309201682,0.8449722427214744
2.55,0.38231234011151527,0.3240519457842345,0.6352136450171548,0.8476104791430823
2.57,0.38252875996777236,0.32038142369015404,0.6380034999180371,0.8375355194656366
2.58,0.3816276035024615,0.3199812663286492,0.6398781382104087,0.8384646796823891
2.6,0.3876533873096194,0.3249915800497783,0.6429951716150875,0.8383560951324978
2.62,0.3807361164374612,0.3249898642654676,0.63704717771078,0.8535829679264212
2.63,0.3724156510612231,0.3229060783186209,0.6263680164899927,0.8670582919876718
2.65,0.3779477627827399,0.32503389996824206,0.6352722051428263,0.8599968883929737
2.67,0.3894801252960097,0.3306242029471001,0.6494959880710742,0.8488859417302015
2.68,0.3843750737130827,0.32921960969444325,0.6460327365399239,0.8565061373885802
2.7,0.39206730950532803,0.32756120272446726,0.6448706045563853,0.8354718559365527
2.72,0.37835338109391253,0.32730113865280713,0.636858506864926,0.8650673021779247
2.73,0.38672275892332286,0.3293144404232957,0.6459922701809564,0.8515517455971353
2.75,0.3843063532519358,0.335670894978077,0.6403401061903283,0.8734461247847877
2.77,0.3852025732037436,0.3356659181441545,0.6429767427995694,0.8714010276525647
2.78,0.3850453992902583,0.3272650920678637,0.6437280434220047,0.8499389751730597
2.8,0.3884059715466708,0.32370196218465874,0.6490822447054356,0.8334113940000605
2.82,0.38670869084862813,0.3288037087188949,0.652888066997769,0.8502620098796814
2.83,0.3863414389707893,0.3334482857431438,0.6522676235685134,0.8630922083622391
2.85,0.3972411394040758,0.32341168926994074,0.6620806967456363,0.8141445011337677
2.87,0.3979529645040368,0.3242739037075635,0.6624013587549831,0.8148548512804812
2.88,0.3907936771773952,0.33730473636078623,0.651201672052805,0.8631274149496323
2.9,0.39232565892835347,0.3357614227965436,0.6450715957397928,0.855823255898387
2.92,0.3886738657818264,0.33422625219663693,0.6437598069012913,0.8599143951300486
2.93,0.39086586830978953,0.3312488474895134,0.6472737624688741,0.8474744774260378
2.95,0.38642548809540844,0.33348890367493267,0.6397719204822587,0.863009594213398
2.97,0.3856850806828821,0.33408785520488127,0.6417390640667054,0.8662192859867839
2.98,0.38358759918987656,0.3378600062431872,0.6375217775680523,0.8807896995542494
3.0,0.3919481311981603,0.33458848953629805,0.6490681123041364,0.8536550193860665
3.02,0.3912303580986891,0.33466849395038306,0.6485338241057073,0.8554256770277573
3.03,0.3887940321654667,0.3270617774093339,0.6491734601856128,0.8412211874438952
3.05,0.3888375448994977,0.32813314417954104,0.6467301544167074,0.843882357770655
3.07,0.39108335641338005,0.3203964271080247,0.646908402339146,0.8192535474952855
3.08,0.37979554570784324,0.3198096807332305,0.6392017256687517,0.8420574815778469
3.1,0.37918794225802915,0.32980311475928403,0.635043718603465,0.8697616089671443
3.12,0.38545721763400886,0.3278151145904971,0.6446370995130617,0.8504578448489636
3.13,0.385725724143326,0.326782882423914,0.6436873759295902,0.8471897567881412
3.15,0.3828086876158582,0.317747372161768,0.639653323272957,0.8300422180612106
3.17,0.37924443200661256,0.3221384547230268,0.6370029951994698,0.8494217120566979
3.18,0.37426771488810107,0.32488519084508743,0.6284043388035121,0.8680556134589966
3.2,0.3718942874490765,0.3220131849440976,0.6282870413633153,0.8658728994007225
3.22,0.3802306511587964,0.3318853981680684,0.6381086449184127,0.872852825401134
3.23,0.3808997298765595,0.3341281421880765,0.6385658292843072,0.8772076112953912
3.25,0.380304407918591,0.32723168608235587,0.6354983732278218,0.8604467349544999
3.27,0.3781131267135719,0.32937825414716093,0.6323290927983458,0.8711103394108595
3.28,0.3865319368554581,0.3347940563760816,0.6402207546214456,0.8661484975852755
3.3,0.3846266977518196,0.33387025733893866,0.6382585462571067,0.8680371365025952
3.32,0.38372873705645094,0.32408346512772385,0.6378223324639295,0.844563968843562
3.33,0.37955127782462456,0.3239563403857965,0.6387975662748591,0.8535245678595338
3.35,0.37936616942426604,0.3219268920667595,0.6453486835079513,0.8485914612663602
3.37,0.3786506186583134,0.32453510182936196,0.6326773282075694,0.8570832472935052
3.38,0.38240916506222333,0.3202842637625506,0.6396636715899106,0.8375433776814315
3.4,0.385426243718929,0.32579162151910307,0.6391860140532546,0.8452761762551014
3.42,0.3842413190519123,0.3282275015778171,0.6346697238308248,0.8542222954774743
3.43,0.3751076305319753,0.3235124329341197,0.636295289461071,0.8624522846291246
3.45,0.37616276177910346,0.3228325565484867,0.6358209971382848,0.8582257186267305
3.47,0.37558118647342076,0.32532928280539697,0.632996650886019,0.8662022873406625
3.48,0.37881636243661443,0.32662874136295444,0.639581719046733,0.8622350398541925
3.5,0.38013280737143706,0.33732141554953354,0.639189100032866,0.887377803252663
3.52,0.38274897927159424,0.3370514611848376,0.6432450407291115,0.880607080458521
3.53,0.3862645356914318,0.33408545793840494,0.6496514142584178,0.8649136202482999
3.55,0.38664116992765984,0.3314290384491799,0.6514195258627431,0.857200588626374
3.57,0.3861715394406837,0.33482333637651074,0.6490818184119103,0.8670326582364309
3.58,0.38387058815681174,0.33225251369266773,0.6478913599327238,0.8655326142281629
3.6,0.3862179949062795,0.33635810028373053,0.6464541645583273,0.8709021969971956
3.62,0.3847058799505354,0.3300346038380314,0.6478873202116766,0.8578881193093968
3.63,0.37812196778085594,0.3309197623710612,0.6388310714629566,0.8751667201807455
3.65,0.38875099324966456,0.33286318909453383,0.6455715829008889,0.8562375270402504
3.67,0.3862244395080552,0.333894962167885,0.6447178579229131,0.8645101863392599
3.68,0.38511170077157064,0.32369980610715887,0.6404433494339884,0.8405348512097318
3.7,0.3763638729664849,0.3243009554569575,0.6267576765404476,0.861668663628181
3.72,0.38567296495446357,0.3444902399045989,0.6453774085814942,0.8932185328190503
3.73,0.38229979233892253,0.33278156092494915,0.6374651531525243,0.8704727744919263
3.75,0.38022197567145716,0.3300772617652061,0.6256694360601633,0.8681172654008295
3.77,0.3850556518557544,0.3242626327832607,0.6361701496230063,0.8421188761169843
3.78,0.3788880254081157,0.3302411182535704,0.6284993003617327,0.8716061107971259
3.8,0.3762567413342643,0.3347373715479868,0.6293736156412777,0.8896514926508866
3.82,0.3788613767979543,0.33717547772291345,0.6341461125481374,0.8899705759733016
3.83,0.3863937182519518,0.32322219859881807,0.645630757232074,0.8365099724215959
3.85,0.38751101628363993,0.31958687269575103,0.640811291627426,0.8247168706600805
3.87,0.39858726900325253,0.32732766262235696,0.6529592701238887,0.8212195623831777
3.88,0.39676113741513136,0.32704079974001876,0.6501059450182167,0.8242762934663024
3.9,0.38268884419911414,0.32621266923058045,0.6380938510090066,0.8524227297852744
3.92,0.3860610777141381,0.33178086411469265,0.6432823962381379,0.8593999324644748
3.93,0.38595062791237783,0.32453371662392827,0.6370406840462306,0.8408684768291321
3.95,0.39008474932079457,0.32701810363682743,0.6455284519551259,0.8383257848614253
3.97,0.39224420440329705,0.3280954748347424,0.6440088476465535,0.8364571640615031
3.98,0.3907301007907707,0.33817239118220177,0.6456976990162552,0.865488454812667
4.0,0.39301105401036734,0.33148236235406053,0.6424025084152485,0.8434428471452518
4.02,0.3981736681563441,0.3300199299673758,0.6511231429302893,0.8288341403776416
4.03,0.397659968986132,0.3300200874552692,0.6503832260890101,0.8299052285717458
4.05,0.39687034079971745,0.3305832707112539,0.6495754335643964,0.8329755003740235
4.07,0.4001687270222122,0.3257552277302832,0.6453921461074202,0.8140446909840646
4.08,0.3941704141394836,0.3371372555882228,0.6482775763517207,0.8553083729640888
4.1,0.39631648506469824,0.3345345415895638,0.6415915812890478,0.8441095795824678
4.12,0.39601036509324844,0.3268081264421914,0.6486600438286918,0.825251446045454
4.13,0.4028839015115141,0.3276791137328306,0.6501589730901356,0.8133338475512797
4.15,0.3938536987565536,0.32584536247923723,0.6463694495045782,0.8273258915886093
4.17,0.40032368154247155,0.3211262540326946,0.6559305309767615,0.8021665188413926
4.18,0.39140856422543924,0.31222956610250174,0.6391106952925489,0.7977075481737982
4.2,0.39135657466300267,0.3275352432021522,0.6451025328311394,0.8369228075041105
4.22,0.38713354453239157,0.3322399478387894,0.638886284701188,0.8582050109868244
4.23,0.3972132353164486,0.32570869503771455,0.6542929164862428,0.8199844971888502
4.25,0.391417830801922,0.3273776533350821,0.6442245405990906,0.8363892177940979
4.27,0.39631813534091065,0.33090736576332835,0.6496086580768314,0.8349538823871476
4.28,0.39836348459536586,0.3306868556662952,0.6538687348717236,0.8301133724698372
4.3,0.38970259272895286,0.32404953320511837,0.6413975315153162,0.8315303496851567
4.32,0.39525744069169055,0.322840527142856,0.6462373750564656,0.8167854514715605
4.33,0.3864460971327402,0.32204384078112297,0.638813187143082,0.8333473754051248
4.35,0.3888884173214542,0.32069140703193777,0.6394592482070502,0.824636046608853
4.37,0.39171523247329304,0.320569975986111,0.6462761063442706,0.8183750577224931
4.38,0.3988665268564535,0.31496350091676767,0.6565008072567011,0.7896463596458136
4.4,0.39696102967670777,0.3200199933977374,0.6566810450563147,0.8061748370069663
4.42,0.39539782246562516,0.3124370304646256,0.6603718944193564,0.7901839937213819
4.43,0.3948345945327052,0.3129826600183895,0.6521347919354028,0.792693103269765
4.45,0.39732452864693213,0.3258519162431685,0.6567143824847745,0.8201152779387675
4.47,0.38831300476091946,0.32237603292811134,0.6429880671067985,0.8301963338224924
4.48,0.39154866039048974,0.32329392861495665,0.6464757837294691,0.8256800784161464
4.5,0.38981943021688537,0.3238709910701442,0.647653457883277,0.8308231092789573
4.52,0.39207511531805583,0.3229169490162885,0.6531100395673756,0.8236099063679023
4.53,0.3888547674607845,0.323589376585713,0.6448524436392844,0.8321599827584641
4.55,0.39087219099326037,0.33246244617127363,0.6445815485538517,0.8505656166698391
4.57,0.3975331884033213,0.31594190440711234,0.6505266637440879,0.7947560445860694
4.58,0.40502222635219526,0.32147266352773346,0.6631657102923458,0.7937161039853413
4.6,0.389278235407862,0.32958025717816786,0.6430017487162057,0.8466444491376554
4.62,0.3973726102348204,0.3244691793260321,0.6545066145731838,0.8165363464137417
4.63,0.38879178250074464,0.33148786098891997,0.6375600940092223,0.8526102554348228
4.65,0.39511488540571404,0.33634365971575664,0.6540029491373226,0.8512553491129305
4.67,0.40492790301862946,0.3416277221736122,0.6566217086002015,0.8436754287043908
4.68,0.39308440511785836,0.3392217253993611,0.6434435078782781,0.8629742645161727
4.7,0.39642079253373774,0.3119296141901092,0.6423865336029464,0.7868649174439106
4.72,0.3978622147408939,0.3193909557484593,0.6537992622130878,0.8027677520381304
4.73,0.3956084992559309,0.3295407776117445,0.6462674656767644,0.8329972137392194
4.75,0.40048119992013964,0.3315609018868799,0.65290445174971,0.8279062836232932
4.77,0.39856510278847446,0.3338362682095112,0.6541752920925765,0.8375953285270035
4.78,0.40502176141748075,0.32576555646186894,0.6596641267653216,0.8043161812386728
4.8,0.4043790528496167,0.32698147110792014,0.6659199497964317,0.8086014070306462
4.82,0.39944128108245014,0.3312201002891238,0.6564636794831118,0.82920848689336
4.83,0.3998109832199216,0.3325740066632968,0.6574530780326207,0.8318280903262726
4.85,0.39962506609352055,0.32301761367006193,0.6555176945340996,0.8083016834446244
4.87,0.39858960933914356,0.32530301601556333,0.6527018310915862,0.8161352137475725
4.88,0.39780953981620576,0.32314784751971687,0.6498605432333133,0.8123179943573405
4.9,0.3947620660929161,0.32169322906133646,0.6477314476080566,0.8149041072898295
4.92,0.4003842399224621,0.3412586167715957,0.6569959355865003,0.8523277960133581
4.93,0.4026368191279167,0.3348761770491654,0.6561582126100143,0.8317077851312352
4.95,0.40228678417264124,0.3348066319922611,0.6516982365377904,0.8322585905496187
4.97,0.40336149019220896,0.3312476159691012,0.6585191453107746,0.82121775138042
4.98,0.40447501940603847,0.3324030829444028,0.6577815010730278,0.8218136275326187
5.0,0.4027862556248969,0.3290212927503389,0.6602078346660764,0.8168632572625488
5.02,0.40200209490202043,0.330868846292206,0.6634227723595365,0.8230525424820194
5.03,0.40062582810119995,0.3237992338991359,0.6578549209188993,0.8082335465833788
5.05,0.4001131153397795,0.3234936124195427,0.6561519111600151,0.808505395142644
5.07,0.4006531111792935,0.326470350201033,0.6588501079678881,0.8148454138795805
5.08,0.4000124503407778,0.3323060150918393,0.657326515656864,0.8307391802648688
5.1,0.3988053580137624,0.33337214768381357,0.654046532182522,0.8359269527976333
5.12,0.3991981830699364,0.33505720265777356,0.6542021251663915,0.8393254700737808
5.13,0.3969339180461541,0.32740828770229957,0.6573565993975227,0.8248433122417865
5.15,0.3971667274474213,0.3284404561041592,0.653476369630608,0.8269586382903628
5.17,0.3956935512019645,0.328378587169604,0.6550383999182146,0.8298810687516045
5.18,0.4018352937729568,0.3200283268789796,0.659802164753821,0.7964166708059263
5.2,0.4010544962774688,0.3242161389825802,0.6587653309874069,0.8084091862624871
5.22,0.3934940219731094,0.32726806123541885,0.6558768022795916,0.8316976700036975
5.23,0.3987231974496792,0.33083103625126536,0.6581653366028661,0.8297260815707063
5.25,0.39386182049428725,0.3313140494023147,0.6520757458226816,0.8411936170571785
5.27,0.3972801406319757,0.32878922777499403,0.6526050634450242,0.8276004616087043
5.28,0.396313445417154,0.32299749234829533,0.6559367089406467,0.8150051331423103
5.3,0.3957747064263726,0.3248105564835722,0.6550082826235281,0.8206955907223897
5.32,0.39805508770602915,0.32075779752629086,0.6558571737390668,0.8058125808033291
5.33,0.40446776132353246,0.32026970402139543,0.6617575167590042,0.7918299915261051
5.35,0.40038774108748365,0.3185915123887318,0.6577825216734333,0.7957074597823923
5.37,0.41251349565656037,0.33554151826561257,0.6734755743950112,0.8134073716341366
5.38,0.39669910599352864,0.3261259775799279,0.6575219047271696,0.8220990989207019
5.4,0.4024002200291892,0.3283000508625613,0.6563971990506583,0.8158545510704422
5.42,0.39985046964913584,0.3310150921614482,0.6490378961148157,0.8278472011097301
5.43,0.3856960956478247,0.3353303512178802,0.6352024297106789,0.8694159858026331
5.45,0.3905237484269821,0.33864932046409835,0.639555600332667,0.8671670335752117
5.47,0.22264562363336365,0.3310553085358618,0.5062202244930062,1.4869158581846602
5.48,0.2182851987499449,0.32289696304076154,0.5012498189713399,1.4792435075300452
5.5,0.06265235358575322,0.3272281764132788,0.41486039136147546,5.22291913527872
5.52,0.05296362130701862,0.3265927748549,0.41266317450236834,6.166360358211017
5.53,0.06624761100716117,0.3251633941903741,0.4226347408974884,4.908303699513405
5.55,0.06493809259097826,0.3311454163360739,0.42428200681830974,5.099401647378836
5.57,0.06403685606663886,0.3268557709975455,0.4214718797703979,5.104182045686449
5.58,0.21928914995469573,0.3128437913504628,0.5035045470165634,1.4266268596284637
5.6,0.22304199519865642,0.3216300304880553,0.5071644090828463,1.4420155729040607
5.62,0.3059822190404522,0.3308208992696982,0.5643274182028245,1.0811768746142802
5.63,0.29513645801406563,0.3287858747740869,0.5563190434407128,1.1140130805473636
5.65,0.3359627230031841,0.3361444236752387,0.590153679309561,1.0005408358118735
5.67,0.35366955687739854,0.33406597785808356,0.5968116599449105,0.9445709175751571
5.68,0.38489121430068884,0.3343790345947102,0.6333201022978784,0.8687624507154456
5.7,0.3796497068942576,0.33651016574181986,0.6303883341086614,0.8863701449809015
5.72,0.3877741109128901,0.33214389368668784,0.6398993593766096,0.8565396305203596
5.73,0.3945680274419401,0.32420996579363504,0.6465682450478849,0.8216833175651616
5.75,0.3935491168108719,0.3273281840775634,0.6358425647770871,0.8317340075111074
5.77,0.4008527183574888,0.32509761406455195,0.6504784737070685,0.8110151164663504
5.78,0.39855135686232246,0.3259406469941968,0.6495126855823457,0.8178134169714828
5.8,0.3941801868913247,0.32508088944285995,0.6471004219581672,0.8247012413449502
5.82,0.39994260255873937,0.3240055158049931,0.6490567418217519,0.8101300379906553
5.83,0.3933249447707393,0.3305256504871909,0.6516522900197799,0.840337372143654
5.85,0.40129303596026555,0.33516154121391895,0.6533180111601358,0.835203981080562
5.87,0.4016389209992065,0.3264163032574384,0.6549567447198705,0.8127108360050677
5.88,0.40468213705682865,0.3231394815748375,0.6519973223914959,0.7985019648382942
5.9,0.40071207007652154,0.33336951948646676,0.6492586335670625,0.8319427947922936
5.92,0.4018038799787534,0.3323806024170668,0.6511409754501805,0.8272209875988317
5.93,0.40244123392156117,0.33186048395305967,0.6530907057996909,0.8246184932872505
5.95,0.40354073001629576,0.3369231920043345,0.653111764553113,0.8349174369356196
5.97,0.40458751133929627,0.3362860297233265,0.6544286164094029,0.8311824272828565
5.98,0.4066524886118386,0.33961762587007055,0.6584010061813617,0.8351544263983227
6.0,0.40150826835180975,0.33806771050712864,0.6511069372753531,0.8419943925311815
6.02,0.395612924262564,0.32199230909834403,0.6483859052162819,0.8139074568874328
6.03,0.4061371540568489,0.3293877185425862,0.6612807112599806,0.8110258203475771
6.05,0.3976768701154666,0.33866261845154955,0.6484717831246545,0.8516025041969826
6.07,0.40313202879539234,0.3411346611624935,0.6536033787354742,0.8462107617245037
6.08,0.4034289410193942,0.3429063665648112,0.6553743613317929,0.8499795916930177
6.1,0.40351621497202805,0.34068943181980965,0.6531034742548001,0.8443017137326846
6.12,0.39491597868933936,0.34468673808568406,0.6537269846988072,0.8728103107644369
6.13,0.39594270349203664,0.3363881490430813,0.6497323580700796,0.849587948145752
6.15,0.40683490584486204,0.3395332579696393,0.6610066836249187,0.8345725823710741
6.17,0.38658241232717905,0.33643874021756487,0.6376626660925946,0.8702898256344478
6.18,0.3984816823090904,0.34230010398000943,0.6525673007848871,0.8590108885218403
6.2,0.3959298708777488,0.347592177541188,0.6465540273247281,0.8779134970811888
6.22,0.39486763143984877,0.34477763113231885,0.6460813750714822,0.8731473630166107
6.23,0.3999990492709755,0.33164840101364,0.6496986996582682,0.8291229732122888
6.25,0.39501292580465835,0.32447858603725105,0.6457208674045318,0.8214378944088327
6.27,0.3956615648615512,0.3470176190310409,0.6479554909921386,0.8770566813899863
6.28,0.3881157488086884,0.3455497306895569,0.6422850985489315,0.8903264857203378
6.3,0.3968035328441767,0.3419885023313152,0.6450071639562847,0.8618585118938769
6.32,0.3951421616469123,0.3459772245628028,0.6460701518666322,0.8755765851986155
6.33,0.39701930352820125,0.34325583750752764,0.6460092278126697,0.8645822368260372
6.35,0.39309302705094484,0.342716391430264,0.6432367210373935,0.8718455119933938
6.37,0.39824144361882785,0.3461441616360787,0.6478922984946439,0.8691816665052735
6.38,0.3877184876489892,0.3411334572967593,0.6442454332251255,0.8798483130512867
6.4,0.3949008536800642,0.34224153871044016,0.6475718195723781,0.8666518077160529
6.42,0.3926382351609865,0.33729667946620817,0.6470367932476087,0.8590520465433337
6.43,0.40071240005283526,0.33876324673712355,0.6527775373116909,0.8454024549588595
6.45,0.3985182811830261,0.3514328494831525,0.6502487421745986,0.8818487534371131
6.47,0.4045406499824231,0.34676911687042156,0.655617360392077,0.8571922670453225
6.48,0.4002119374546149,0.3475778869032665,0.655565461077177,0.8684845562426102
6.5,0.39648815490576345,0.35380786520609203,0.6511723165892276,0.8923541872018457
6.52,0.39504459996715624,0.3457085289119206,0.6479765608417176,0.8751126554841215
6.53,0.4003321819786841,0.3538172776411498,0.6542301645845272,0.8838092303555776
6.55,0.3914961123169305,0.34596083332194094,0.6476570630006969,0.8836890646869896
6.57,0.39363757826885526,0.3517907968967878,0.6469348773679391,0.8936921074555387
6.58,0.3960892394934289,0.35874198469312746,0.647175949602599,0.9057099989687526
6.6,0.39154778101704224,0.3445110907734439,0.6413633712869675,0.8798698587400472
6.62,0.398059106390111,0.3469578843314256,0.6493717488447633,0.8716240346261429
6.63,0.38991295741540943,0.34019719845985,0.6379847134627364,0.8724952376932867
6.65,0.3992307060588911,0.3427732428027745,0.6516152975175545,0.858584366384412
6.67,0.3909770608047073,0.34798505485339093,0.6473517937755386,0.8900395694242768
6.68,0.38713498329293156,0.3502452791835227,0.6422358502180506,0.9047110033931093
6.7,0.39033214638853125,0.3409768944338959,0.6440058391261783,0.8735557590854743
6.72,0.3920691410387106,0.3393240068306282,0.6455125456404118,0.8654698146649734
6.73,0.3904065745961416,0.3443011640029569,0.6398206302397991,0.8819041133185866
6.75,0.3884225087606491,0.3411927668450407,0.6364023108430341,0.8784062693320588
6.77,0.39324532511428145,0.34195844563738315,0.6469568106130481,0.8695804471114977
6.78,0.38892743806548935,0.3345286420819929,0.6377023535522173,0.8601312464503044
6.8,0.39424549724331004,0.3421362643908766,0.6478420890354823,0.8678254204124136
6.82,0.3928302433495452,0.33763165433050174,0.6457753177518692,0.859484879401388
6.83,0.38846228767020574,0.33395496715354317,0.6398770862209765,0.8596843960231788
6.85,0.38988082666489954,0.34192644702722624,0.6419529936552502,0.8770024675286486
6.87,0.3882862827972833,0.343368527615306,0.6446491190682543,0.8843179448463082
6.88,0.3909579200245309,0.3474781179615134,0.6468507329247423,0.8887864912410796
6.9,0.38845401188577017,0.34869108132459403,0.6360388860829758,0.8976379974346386
6.92,0.38984374946793565,0.34342441270648155,0.639344740763063,0.8809283544373666
6.93,0.3901244912127385,0.3425553917264681,0.6414137408747121,0.8780668720940913
6.95,0.3940115113979661,0.34630132826365667,0.6444880197743057,0.8789117024397788
6.97,0.39370985986470053,0.34315821449172856,0.6468064795049742,0.8716017795684767
6.98,0.3867043042078342,0.34157032856041564,0.64134973719037,0.8832855617165272
7.0,0.3893775853723749,0.3502906513752849,0.6414437476863911,0.8996168873981027
7.02,0.3922995555662838,0.3513022568405606,0.6456957932089977,0.8954949141694956
7.03,0.3893989844166911,0.35046196954316544,0.641210234232633,0.9000074051763329
7.05,0.39019562352449266,0.34819772631489615,0.6425869300958141,0.8923670726230986
7.07,0.39455406701239437,0.3457958727672142,0.6446921845833411,0.8764220209048091
7.08,0.39532337163505865,0.3497880145563861,0.6489030719584736,0.8848149126869524
7.1,0.39632010848250776,0.35332307126883344,0.652032491225738,0.8915093221529735
7.12,0.396374730824141,0.3525387409226979,0.6523948855509567,0.8894077081798341
7.13,0.39579142907074305,0.34698652796169704,0.6486843460316873,0.876690353746082
7.15,0.39548646986996994,0.3425445957580844,0.6452304049500259,0.8661348032227447
7.17,0.39409463907665165,0.34310039125221825,0.6463004140632249,0.8706040560614807
7.18,0.3967985577813822,0.3486026637339783,0.6546293577476492,0.8785381320010806
7.2,0.39460107132208433,0.34739119291038173,0.6564160864218134,0.8803604910307793
7.22,0.394156656549644,0.3503213618220169,0.6534882941273434,0.8887871256282943
7.23,0.38966557450205586,0.3433470983133007,0.6458713823257098,0.8811327476184048
7.25,0.3908613097448842,0.34571313967921324,0.6492765087308616,0.8844905624065497
7.27,0.3923745895109684,0.34840992671011994,0.648909246755867,0.8879523190947628
7.28,0.3939882203020564,0.35351996390312157,0.6504221535295709,0.8972856184179586
7.3,0.3953738223817731,0.3550094566196798,0.647495648228009,0.8979083503330237
7.32,0.397337351585968,0.34455147645183615,0.6502098883815126,0.8671509866277671
7.33,0.3977499395833225,0.34655346163341455,0.6553881696823602,0.871284762472772
7.35,0.3913585764100922,0.34242843364182424,0.6484872632438489,0.8749736284889905
7.37,0.3983274394869629,0.34417104855144864,0.6488793321877765,0.8640405215235322
7.38,0.388610040293818,0.3431443201262872,0.6410804316592791,0.8830042576018999
7.4,0.3869807468332654,0.3399386040206745,0.6417952669311826,0.8784380277376965
7.42,0.388539342003939,0.33976013308761444,0.6428031136237256,0.8744549041938974
7.43,0.39519187240590015,0.3370669320401411,0.6507104647823424,0.8529196969262082
7.45,0.39505337509474137,0.3391637574131012,0.6528441358252385,0.8585264138846129
7.47,0.3908755742096952,0.3426588633282585,0.6463827837935361,0.8766443490900518
7.48,0.3976547775213356,0.3497947665765776,0.6527043897076689,0.8796443205257602
7.5,0.39901732510520627,0.34893590816962444,0.65561755938297,0.874488114213143
7.52,0.392832943413765,0.3462923102518003,0.6455186877223527,0.881525635916578
7.53,0.3994502867233841,0.3471060941529568,0.6475972495872061,0.8689594317235395
7.55,0.3914679843358978,0.34538004482458207,0.6379729545130177,0.88226894316913
7.57,0.39755744444843377,0.34500904214025524,0.645378053472293,0.8678218631245014
7.58,0.39578494667710973,0.3478634033856993,0.6483966328521356,0.8789202477412414
7.6,0.39569811100470315,0.34940097425599537,0.6439954057595532,0.8829988431555653
7.62,0.396077769800662,0.3424205576172605,0.6375003868316267,0.8645285944464742
7.63,0.3957879567517689,0.34635995981813855,0.6442030318847384,0.8751149546355936
7.65,0.39161761413992413,0.348472343502926,0.6407000881240614,0.8898280642157673
7.67,0.3921284279446922,0.3456413894211344,0.6422625573223741,0.8814494558142197
7.68,0.39282552459373044,0.340060832918285,0.6377869028207688,0.8656790652032706
7.7,0.39293419664551854,0.34328822960578403,0.638507412418581,0.8736532288012537
7.72,0.3932052955004341,0.3406848599966549,0.6425424312962084,0.8664299893597918
7.73,0.39193600705529413,0.3453478158377828,0.6438586792498984,0.8811331687345105
7.75,0.3943397192951391,0.3393227000462196,0.6426286982695804,0.8604831911244968
7.77,0.3946828014449578,0.34278636256856676,0.6427614634133034,0.8685110202765486
7.78,0.39336768797960125,0.3482573495659768,0.6496185073426166,0.8853227151286414
7.8,0.39291570514785706,0.33481666948119165,0.6406360662150432,0.8521335876742256
7.82,0.3859819755445766,0.33546397459222516,0.634869989315179,0.869118238277639
7.83,0.3914309553211097,0.34294613012531544,0.6448208655119266,0.8761344126296301
7.85,0.38694312422292576,0.34039938069210585,0.6317687620521067,0.8797142509657179
7.87,0.3901599151014738,0.3318302550890202,0.641377106287479,0.8504980707787906
7.88,0.39149463839191767,0.3338997595723634,0.6450053151637284,0.8528846293882136
7.9,0.3930776097356358,0.34279729817881105,0.6466723240450589,0.8720855365162091
7.92,0.39348229103803517,0.34024030113227305,0.6476475117908361,0.8646902513317541
7.93,0.39245752203126183,0.3365538093647975,0.6453597848391565,0.8575547427983525
7.95,0.393177697658715,0.3400273829356423,0.6421344331551988,0.8648185921033391
7.97,0.3929993313672423,0.33808858839851375,0.6450061966386865,0.860277769995958
7.98,0.38434102264916403,0.3444280255533436,0.6304232826150957,0.8961521285947819
8.0,0.38568631393998265,0.3435622654837042,0.6301757834022662,0.890781583546588
8.02,0.38273262926545926,0.3417868804372304,0.6321231617047621,0.893017355466107
8.03,0.3844115175566971,0.34201316102734247,0.6302678356630798,0.889705811108791
8.05,0.38800973149095663,0.3490075181504147,0.639431586159823,0.8994813527210439
8.07,0.38765734081588676,0.34443092930393154,0.6339320459583486,0.8884932465847846
8.08,0.3900503423173834,0.34605387329941756,0.6350787166939884,0.8872031011264542
8.1,0.39293617290290417,0.34733749468665903,0.6430818298295407,0.8839539819422206
8.12,0.3871576033241525,0.34431124925502304,0.6363693711542127,0.8893309760644018
8.13,0.3973770868572085,0.34098010304482734,0.6448564212568264,0.8580769106280992
8.15,0.39485634018660365,0.3500752159848716,0.6454777045088247,0.8865888181494842
8.17,0.39215349719924986,0.344813477903787,0.6414698269197131,0.8792819147768309
8.18,0.3942974814478738,0.3482426560277972,0.6442329858811913,0.8831977692300703
8.2,0.3995152791599848,0.34983850392855476,0.6525921856179884,0.8756573832773562
8.22,0.3955538480371065,0.346980779717369,0.6434219996197748,0.8772023870813641
8.23,0.3939970536573262,0.33935784323148815,0.6407198625339086,0.8613207639025652
8.25,0.39171848607397186,0.34274286356529093,0.6361414527271665,0.8749723991850811
8.27,0.3900423234570801,0.34398480621183386,0.6371087993799628,0.8819166165429881
8.28,0.3980640924154816,0.34385021934172755,0.6464606039166219,0.8638061706475951
8.3,0.39140114728155306,0.34509206503000994,0.6388658130772501,0.8816838362044176
8.32,0.3887117027944354,0.34831555380094537,0.6346836485621312,0.8960768386876868
8.33,0.38906961135007945,0.34129084994500275,0.636317828007017,0.8771973960153726
8.35,0.38858864324400233,0.3420579655665966,0.6344485328785734,0.880257237347546
8.37,0.3867066223055864,0.3372455880107586,0.6297342120640577,0.8720967486930123
8.38,0.3886980366278804,0.33810634114601495,0.6409923253374878,0.8698431926212703
8.4,0.38953945252438615,0.3384228393631719,0.6443469420296413,0.868776800835047
8.42,0.39864149044343666,0.33391360562134426,0.65199907092789,0.8376288309827181
8.43,0.3879126664653726,0.33810076225310015,0.6420340308050598,0.8715899002057491
8.45,0.3936110166935455,0.3418769426817819,0.643668936225883,0.8685654826271231
8.47,0.3872553506170735,0.33833938733862134,0.6311913868662986,0.8736855069903958
8.48,0.3866193050980788,0.34380305826765284,0.6304971048059714,0.8892547623312184
8.5,0.3881539050289826,0.34170415144598904,0.6332783966324407,0.8803316082069939
8.52,0.3870367954017091,0.3356575436336491,0.6421983990665705,0.8672496972420076
8.53,0.385797004155668,0.3339944360604344,0.6388071102502229,0.8657258414730162
8.55,0.38713358796471975,0.34512700880446817,0.6342094081927736,0.8914933230642862
8.57,0.38550839949865706,0.34135816806195757,0.6319398564031891,0.8854753061305133
8.58,0.3919533451095405,0.3408255734927997,0.644269326784972,0.8695564861107334
8.6,0.3879123256945207,0.34576792148116875,0.6356244887001867,0.8913558517690915
8.62,0.39487879955516664,0.3449395021093128,0.6458223959210139,0.8735325940462978
8.63,0.38352997328040916,0.335954320390895,0.6311810467384001,0.8759532338956718
8.65,0.3909356649649429,0.33365641131210405,0.6418914877136583,0.8534816370412882
8.67,0.3903344461838913,0.34365279762022954,0.6418020006655334,0.8804060235522502
8.68,0.3869462796783817,0.33949272753457244,0.6387530553529253,0.877363978836413
8.7,0.37830899911662985,0.3402664715550618,0.6283925399863396,0.8994405957817572
8.72,0.38466470466776337,0.3442091009953554,0.6363307527550688,0.8948289167644075
8.73,0.38634611468605384,0.33521735937944913,0.636593583939958,0.8676607493564362
8.75,0.38882765207680325,0.33727955829103556,0.6378411551453269,0.8674268830664706
8.77,0.3862351890680877,0.3368739667246607,0.6355560167643065,0.8721990545125464
8.78,0.29605258970104875,0.33172106450870675,0.5711798321007745,1.1204801986149682
8.8,0.28236476933694266,0.3300691335215335,0.5484898678236576,1.16894587910741
8.82,0.08318067605304907,0.33043731162219403,0.4302791864895703,3.9725249577372423
8.83,0.07102099721525751,0.3303772619452414,0.4266677172026021,4.651825162971186
8.85,0.04737154010268724,0.33005776052327196,0.407736690023937,6.967427274008953
8.87,0.04750061684637496,0.32595196987167363,0.40856148253266233,6.862057621816945
8.88,0.11749870582221025,0.3338896394451917,0.44453658190415013,2.8416452513988286
8.9,0.11540075785103715,0.33693196371483414,0.4428574078395504,2.9196685532148434
8.92,0.2647626927842104,0.32575634048579427,0.5194453081120582,1.2303710052960353
8.93,0.24583075458967127,0.32835574937798695,0.502804323478821,1.335698415464991
8.95,0.32025522045408383,0.3224750953992079,0.5752621804655618,1.0069315808247452
8.97,0.34597267388700564,0.3356242121743686,0.6082266894293362,0.9700887888156831
8.98,0.35254957886613403,0.3403082771619866,0.6101340203772093,0.9652777866207704
9.0,0.37418924197252385,0.33954038231881917,0.6261915972284168,0.9074028438897532
9.02,0.3754185561228053,0.33915273829825815,0.6208825489257673,0.9033989736706461
9.03,0.37913923220109214,0.3394479151941026,0.6295875701528937,0.8953120288381615
9.05,0.3799720736715155,0.34316207388100856,0.6364865313710564,0.9031244600824822
9.07,0.3840638387178682,0.3441589647710583,0.6286572906051842,0.8960983307357819
9.08,0.38008829311622827,0.33913334450841726,0.6213218086409521,0.8922488554645189
9.1,0.3784499806180283,0.33360656915351267,0.6230616073954307,0.8815076925323552
9.12,0.3803673871321913,0.3309749128652258,0.62503283535789,0.870145349107441
9.13,0.3837490145606463,0.3420357985744028,0.6300970172234616,0.8913007867029942
9.15,0.387654836841459,0.3385767373600858,0.6365008488280339,0.8733974277704036
9.17,0.3843702656513993,0.3390503940063182,0.6320745532794514,0.8820931906158852
9.18,0.39281275444655905,0.3332548859982553,0.6411236367921394,0.8483810218122477
9.2,0.3907143879364869,0.33466386765872574,0.6361520602112163,0.8565434956880255
9.22,0.3873010794006534,0.34165421788247125,0.6346605122078648,0.8821411456203002
9.23,0.3919003521055391,0.3456424426760288,0.6397247859139099,0.881965124090899
9.25,0.3897848882762357,0.3423465626159926,0.6366463233214739,0.8782961395193337
9.27,0.3887502995402628,0.34679076405136117,0.632623103009377,0.8920655867313206
9.28,0.3888270194747878,0.3414455050703914,0.6377760735201339,0.8781424334440608
9.3,0.39089664254651246,0.34371152124275434,0.6379565561838334,0.8792900317680687
9.32,0.3929422032179394,0.340759567504304,0.6396539990927028,0.8672002261750105
9.33,0.38653274719769354,0.3418701781118831,0.6291304797726341,0.8844533369821636
9.35,0.3866867751026115,0.34600608873788774,0.6313210387398186,0.8947967994149044
9.37,0.38945255883235186,0.3351215478278079,0.6367396379371224,0.860493891303634
9.38,0.3860124694765762,0.33582276492092183,0.6297267093626389,0.8699790589052462
9.4,0.39510299110481384,0.3402879771935928,0.6451736967607394,0.8612639864913613
9.42,0.3950072104034209,0.3435313931342334,0.6452074438933564,0.86968385408303
9.43,0.38968894779748253,0.3427262975382155,0.641073903359444,0.8794868303946022
9.45,0.38579731101807024,0.3339947807259282,0.6306548060618447,0.8657260462613341
9.47,0.38892348039069097,0.34243618678841325,0.6377688427330055,0.880471876998583
9.48,0.3906397772513813,0.34483799124092246,0.6448868827471981,0.8827518632825124
9.5,0.3921756365098189,0.34503766407376796,0.6416408326573424,0.8798039244468192
9.52,0.389158992647629,0.343347760747095,0.6375814447817636,0.8822814511136979
9.53,0.38965775965897165,0.34061687677702496,0.6369079052592561,0.8741437026049032
9.55,0.3837495925311151,0.3386171390281722,0.6291868485926867,0.882390875765468
9.57,0.3884682785878717,0.3411640963829525,0.6374710833047077,0.8782289705175529
9.58,0.3885504762449329,0.34490603969518907,0.633877108593242,0.8876737020848962
9.6,0.3915844713161068,0.3468332822696989,0.6443523786193692,0.8857176616427098
9.62,0.3868402137033674,0.34943016457876075,0.642258479962821,0.9032932776908943
9.63,0.3836566681529914,0.34577845843918614,0.6321404199738541,0.9012705555303929
9.65,0.38759948715281645,0.3496265159329598,0.6349282384232001,0.9020303883815891
9.67,0.3863602135876536,0.3482836417666424,0.6326322191717265,0.9014479998666509
9.68,0.38486904998362703,0.34555432716377166,0.6300063848312613,0.8978490922522144
9.7,0.3856711202093548,0.3454623019732992,0.6310748543237101,0.895743248251959
9.72,0.387523780763327,0.3390501107746043,0.6332330551696516,0.8749143345648583
9.73,0.38261034503762975,0.3346154000051707,0.6297075375703063,0.8745592071543734
9.75,0.380434027041264,0.33811537950161086,0.6289139262064399,0.8887621912561912
9.77,0.3762632065520596,0.338499456196006,0.6189059386503757,0.899634751157024
9.78,0.38031406008931734,0.33797072622061575,0.6292088895324277,0.8886621918244169
9.8,0.3832097311688946,0.33336564388196377,0.6299699834785304,0.8699300063834685
9.82,0.387231291408559,0.3382182672788268,0.6356767941851067,0.8734270054688849
9.83,0.38865968579467897,0.33074049716787496,0.6430556400474664,0.850977112513281
9.85,0.3852838313885605,0.328522236057096,0.6419311541093309,0.8526758957756
9.87,0.37468785452032616,0.3362286118884043,0.6250428718399235,0.8973565805031039
9.88,0.3766593853873978,0.3377152900376676,0.6252930120674431,0.8966065977363717
9.9,0.38725984636875727,0.32735766225706353,0.6423288744849216,0.845317853959345
9.92,0.38885671016459766,0.3325481359410038,0.641553538556983,0.8551945414552337
9.93,0.3878952562945979,0.326090265964581,0.6428458610523098,0.8406657742597466
